18815447572 2
18438829692 2
18216815093 2
17302592937 2
18651440317 2
18908456190 2
18771886618 2
18366443223 2
15622313757 2
19539539764 2
13606133976 2
18579823237 2
17538633097 2
17639616284 2
18064129450 2
13918312589 2
15051780023 2
13622604496 2
19963544025 1
13460604910 1
13053808235 1
13106230867 1
17606853792 1
15366481987 1
18333631507 1
18388290133 1
18543913400 1
13586201674 1
13510358140 1
17799851581 1
13645405136 1
13771008123 1
15067058038 1
17562003822 1
15523507742 1
17879340508 1
13906908935 1
13574418921 1
13142235943 1
15207089092 1
18814495321 1
13665066601 1
15815600025 1
